SimpleSSD Standalone v2.0
********** Begin of simulation **********
12362536
50649224
50649232
New Erasure Count: 2
9149508
9149516
9149524
9149532
9149540
9149548
9149556
9149564
9149444
9149452
9149460
9149468
9149476
9149484
9149492
9149500
9154001
9154009
9154017
9154025
9152820
9152828
9152836
9152844
9152852
9152860
9152868
9152876
9149612
9149620
9149628
9149636
9149644
9149652
9149660
9149668
9146940
9146948
9146956
9146964
9146972
9152668
9152676
9152684
9152692
9152700
9152708
9152716
9152724
9152604
9152612
9152620
9152628
9152636
9152644
9152652
9152660
9147548
4566368
4582024
4582032
4582040
4582048
4582056
4582064
4582072
4582080
4566192
4566200
4566208
4566216
4566224
4566232
4566240
4566248
4576216
4576224
4576232
4576240
4576248
4576256
4576264
4576272
4582648
4582656
4582664
4582672
4578072
4578080
4578088
4578096
4578104
4578112
4578120
4578128
4572656
4572664
4572672
4572680
4572688
4572696
4572704
4572712
4574896
4574904
4574912
4574920
4574928
4574936
4574944
4574952
4566128
4566136
4566144
4566152
4566160
4566168
4566176
4566184
4578288
4578296
4578304
4578312
4578320
4578328
4578336
4578344
4574688
4574696
4574704
4574712
4574720
4574728
4574736
4574744
4572792
4572800
4572808
4572816
4572824
4572832
4572840
4572848
4577128
4577136
4577144
4577152
4577160
4577168
4577176
4577184
4572920
4572928
4572936
4572944
4572952
4572960
4572968
4572976
4572496
4572504
4572512
4572520
4572528
4572536
4572544
4572552
4579696
4579704
4579712
4579720
4579728
4579736
4579744
4579752
4566256
4566264
4566272
4566280
4566288
4566296
4573560
4573568
4573576
4573584
4573592
4573600
4573608
4573616
4576880
4576888
4576896
4576904
4576912
4576920
4576928
4576936
4576440
4576448
4576456
4576464
4576472
4576480
4576488
4576496
4576560
4576568
4576576
4576584
4576592
4576600
4576608
4576616
4573000
4573008
4573016
4573024
4573032
4573040
4573048
4573056
4578544
4578552
4578560
4578568
4578576
4578584
4578592
4578600
4577280
4577288
4577296
4577304
4577312
4577320
4577328
4577336
4566120
4573960
4573968
4573976
4573984
4573992
4574000
4574008
4574016
4572720
4572728
4572736
4572744
4572752
4572760
4572768
4572776
4574544
4574552
4574560
4574568
4574576
4574584
4574592
4574600
4576376
4576384
4576392
4576400
4576408
4576416
4576424
4576432
4578352
4578360
4578368
4578376
4578384
4578392
4578400
4578408
4572784
4581472
4581480
4581488
4581496
4581504
4581512
4581520
4581528
4303496
4303504
4303512
4303520
4303528
4303536
4303544
4303552
4303912
4303920
4303928
4303936
4303944
4303952
4303960
4303968
4290232
4290240
4290248
4290256
4290264
4290272
4290280
4290288
4343624
4343632
4343640
4343648
4343656
4343664
4343672
4343680
4327176
4327184
4327192
4327200
4327208
4327216
4327224
4327232
4344032
4344040
4344048
4344056
4344064
4344072
4344080
4344088
4327304
4327312
4327320
4327328
4327336
4327344
4327352
4327360
4327368
4327376
4327384
4327392
4327400
4327408
4327416
4327424
4343688
4343696
4343704
4343712
4343720
4343728
4343736
4343744
4343752
4343760
4343768
4343776
4343784
4343792
4343800
4343808
4343816
4343824
4343832
4343840
4343848
4343856
4343864
4343872
4327768
4327776
4327784
4327792
4327800
4327808
4327816
4327824
4327704
4327712
4327720
4327728
4327736
4327744
4327752
4327760
4327640
4327648
4327656
4327664
4327672
4327680
4327688
4327696
4327576
4327584
4327592
4327600
4327608
4327616
4327624
4327632
4327512
4327520
4327528
4327536
4327544
4327552
4327560
4327568
4327448
4327456
4327464
4327472
4327480
4327488
4327496
4327504
4327432
4327440
4327240
4327248
4327256
4327264
4327272
4327280
4327288
4327296
4327080
4327088
4327096
4327104
4327112
4327120
4327128
4327136
4327144
4327152
4327160
4327168
5189568
5189576
5189584
5189592
5189600
5189608
5189616
5189624
4328376
4328384
4328392
4328400
4328408
4328416
4328424
4328432
4328312
4328320
4328328
4328336
4328344
4328352
4328360
4328368
4328240
4328248
4328256
4328264
4328272
4328280
4328288
4328296
4328304
4328440
4328448
4328456
4328464
4328472
4328480
4328488
4328496
9358748
9358756
9358764
9358772
4579376
4579384
4579392
4579400
4579408
4579416
4579424
4579432
4573776
4573784
4573792
4573800
4573808
4573816
4573824
4573832
4578416
4578424
4578432
4578440
4578448
4578456
4578464
4578472
6474942
6474950
6474958
6474966
6474974
6474982
6474990
6474998
9148316
9148324
9148332
9148340
9148348
9148356
9148364
9148372
9148788
9148796
9148804
9148812
9148820
9148828
9148836
9148844
9347059
9347067
9347075
9347083
9347091
9347099
9347107
9347115
9348393
9348401
9348409
9348417
9347707
9347715
9347723
9347731
9347739
9347747
9347755
9347763
9346995
9347003
9347011
9347019
9347027
9347035
9347043
9347051
9116418
9116426
9116434
9116442
9116450
9116706
9116714
9116722
9116730
5768344
5768352
12336344
12336352
12336360
12336368
12336376
12336384
12336392
12336400
12336408
12336416
12336424
12336432
12336440
12336448
12336456
12336464
12336472
12336480
12336488
12336496
12336504
12336512
12336520
12336528
12336536
12336544
12336552
12336560
12336568
12336576
12336584
12336592
12336600
12336608
12336616
12336624
12336632
12336640
12336648
12336656
12336664
12336672
12336680
12336688
12336696
12336704
12336712
12336720
12336728
12336736
12336744
12336752
12336760
12336768
12336776
12336784
12336792
12336800
12336808
12336816
12336824
12336832
12336840
12336848
12336856
12336864
12336872
12336880
12336888
12336896
596072
596080
596088
50378888
596096
50378896
50378904
50378912
7759752
7759683
7759691
7759699
7759611
7759619
7759627
7759635
7759643
7759651
7759659
7759667
7759737
7759745
9346667
9346675
9346683
9346691
9346699
9346707
9346715
9346723
4582976
9116634
9116642
9116650
9116658
9116602
9116610
9116618
9116626
5255560
5255568
5255576
5255584
5255592
5255600
5255608
5255616
5255520
5255528
5255536
5255544
5255552
4567744
4567752
4567760
4567768
4567776
4567784
4567792
4567800
4582808
4582816
4582824
4582832
4582840
4567864
4567872
4567880
4567888
4567896
4567904
4567912
4567920
4567552
4567560
4567568
4567576
4567584
4567592
4567600
4567608
4567808
4567816
4567824
4567832
4567840
4567848
4567856
4567680
4567688
4567696
4567704
4567712
4567720
4567728
4567736
4567616
4567624
4567632
4567640
4567648
4567656
4567664
4567672
9174706
9174714
9174722
9174730
9174738
9174746
9174754
9174762
9147892
9147900
4583304
5191680
5191688
5191696
5191704
5191712
5191720
5191728
5191736
5191744
5191752
5191760
5191768
5191776
5191784
5191792
5191800
5191808
5191816
5191824
5191832
5191840
5191848
5191856
5191864
5191872
5191880
5191888
5191896
5191904
5191912
5191920
5191928
5191936
5191944
5191952
5191960
5191968
5191976
5191984
5191992
4571288
4571296
4571304
4571312
4571320
4571328
4571336
4571344
5188280
5188288
5188296
5188304
5188312
5188320
5188328
5188336
5189224
5189232
5189240
5183608
5183616
5183624
5183632
5183640
5183648
5183656
5183664
4581960
4581968
4581976
4581984
4581992
4582000
4582008
4582016
50362089
50362097
50362105
50362113
16043184
16043176
16043272
16043208
6881344
16047984
6761752
6667488
6855984
16043200
6881328
16047960
6881336
15765368
16047920
16043096
16043088
6881216
16047952
16047456
15781968
15781984
6490282
6490290
6490298
6490306
9152540
9152548
9152556
9152564
9152572
9152580
9152588
9152596
2520648
2520656
2520664
2520672
2520680
2520688
2520696
2520704
6490090
6490098
6490106
6490114
6490122
6490130
6490138
6490146
50352256
9153809
9153817
9153825
9153833
9153777
9153785
9153793
9153801
8948083
8948091
8948099
8948107
8948115
8948123
8948131
8948139
8948203
8948211
8948219
8948227
8948235
8948243
8948251
8948259
8948075
8948294
8948302
8948310
8948147
8948155
8948163
8948171
8948179
8948187
8948195
2520736
2520744
2520752
2520760
2520768
2520776
2520784
2520792
45367008
45367976
2521000
2521008
2521016
2521024
2521032
2521040
2521048
2521056
2520888
2520896
2520904
2520912
2520920
2520928
2520936
2520944
6816688
2521144
2521152
2521160
2521168
2521176
2521184
2521192
2521200
9623600
9624070
2525032
2525040
2525048
2525056
2525064
2525072
2525080
2525088
2525120
2525128
2525136
2525144
2525152
2525160
2525168
2525176
9623986
9623994
9624002
9624010
9624018
9624026
9624034
9624042
9623602
9623610
9623618
9623626
9623634
9623642
9623650
9623658
9624120
9624815
9624823
9624674
9624682
9624690
9624698
9624706
9624714
9624722
9624730
2520808
2520816
2520824
2520832
2520840
2520848
2520856
2520864
9624122
9624130
9624138
9624146
9624154
9624162
9624170
9624178
9624080
9624105
9624082
9624090
9624098
9624610
9624618
9624626
9624634
9624642
9624650
9624658
9624666
9624734
9624742
9624750
9624758
9624101
9623922
9623930
9623938
9623946
9623954
9623962
9623970
9623978
9624043
9624051
9623690
9623698
9623706
9623714
9623722
9623730
9623738
9623746
9623666
9623674
9623682
12890202
12890210
12890218
12890226
12890234
12890242
12890250
12890258
13709842
13709850
13709858
13709866
13709874
13709882
13709890
13709898
13711224
13711232
13711240
13711248
13710042
13710050
13710058
13710066
13710074
13710082
13710090
13710098
13709746
13709754
13709762
13709770
13709778
13709786
13709794
13709802
13709978
13709986
13709994
13710002
13710010
13710018
13710026
13710034
13709810
13709818
13709826
13709834
13710386
13710394
13710402
13710410
13710418
13710426
13710434
13710442
13710466
13710474
13710482
13710490
13710498
13710506
13710514
13710522
13711256
13711264
13711272
13710162
13710170
13710178
13710186
13710194
13710202
13710210
13710218
13710674
13710682
13710690
13710698
13710706
13710714
13710722
13710730
13709682
13709690
13709698
13709706
13709714
13709722
13709730
13709738
13709658
13709666
13709674
9623794
9623802
9623810
9623818
9623826
9623834
9623842
9623850
9623754
9623762
9623770
9623778
9623786
9623858
9623866
9623874
9623882
9623890
9623898
9623906
9623914
13710322
13710330
13710338
13710346
13710354
13710362
13710370
13710378
13710106
13710114
13710122
13710130
13710138
13710146
13710154
13710258
13710266
13710274
13710282
13710290
13710298
13710306
13710314
12889722
12889730
12889738
12889746
12889754
12889762
12889770
12889778
12888802
12888810
12888818
12888826
12888834
12888842
12888850
12888858
13710842
13710850
13710858
13710866
13710874
13710882
13710890
13710898
13709578
13709586
12892122
12892130
12892138
12892146
12892154
12892162
12892170
12892178
12892082
12892090
12892098
12892106
12892114
12892578
12892581
12890339
12892314
12892322
12892330
12892338
12892346
12892354
12892362
12892370
12892234
12892242
12892250
12892258
12892266
12892274
12892282
12892290
12892450
12892458
12892466
12892474
12892482
12892490
12892498
12892506
12892298
12892306
12892186
12892194
12892202
12892210
12892218
12892226
13710538
13710546
13710554
13710562
13710570
13710578
13710586
13710594
12892386
12892394
12892402
12892410
12892418
12892426
12892434
12892442
12888938
12888946
12888954
12888962
12888970
12888978
12888986
12888994
9624306
9624314
9624322
9624330
9624338
9624346
9624354
9624362
50378945
50378953
50362088
12890266
12890274
13893276
13893284
13893292
13893300
13893308
13893316
13893324
13893332
13896953
13896961
13896969
13896977
13709906
13709914
13709922
13709930
13709938
13709946
13709954
13709962
13896993
13897001
13897009
13897017
13057628
13057636
13057644
13057652
13057660
13057668
13057676
13057684
13058633
13057316
13057324
13057332
13057340
13057348
13057356
13057364
13057372
13057380
13057388
13057396
13057404
13057412
13057420
13057428
13057436
13889164
13889172
13889180
13889188
13889196
13889204
13889212
13889220
13941082
13941090
13941098
13941106
13941114
13941122
13941130
13941138
13941295
13940642
13940650
13940658
13940666
13940674
13940682
13940690
13940698
12725362
12725370
12725378
12725386
12725394
12725402
12725410
12725418
12725633
12725042
12725050
12725058
12725066
12725074
12725082
12725090
12725098
14044922
14044930
14044938
14044946
14044954
14044962
14044970
14044978
14045256
14045264
14045272
14045280
14044378
14044386
14044394
14044402
14044410
14044418
14044426
14044434
12430779
12430787
12430795
12430803
12430811
12430819
12430827
12430835
12431585
12431593
12431601
12431609
12430651
12430659
12430667
12430675
12430683
12430691
12430699
12430707
13872019
13872027
13872035
13872043
13872051
13872059
13872067
13872075
13872161
13871995
13872003
13872011
13855194
13855202
13855210
13855218
13855226
13855234
13855242
13855250
13856264
13856272
13856280
13856288
13855042
13855050
13855058
13855066
13855074
13855082
13855090
13855098
13975370
13975378
13975386
13975394
13975402
13975410
13975418
13975426
13975529
13975354
13975362
12548490
12899254
14049834
14049842
14049850
14049858
14049866
14049874
14049882
14049890
14050860
14050868
14050876
14050884
14049802
14049810
14049818
14049826
13890604
13890612
13890620
13890628
13890636
13890644
13890652
13890660
12430851
12430859
12430867
12430875
12430883
12430891
12430899
12430907
13710610
13710618
13710626
13710634
13710642
13710650
13710658
13710666
13058583
13058591
13058599
13058607
13975527
13856257
13872146
13872154
12431562
12431570
12431578
14045248
14050524
12725626
13941289
13896911
13896919
13896927
13896935
13057452
13057460
13057468
13057476
13057484
13057492
13057500
13057508
13057444
13058615
13058623
13058631
13057868
13057876
13057884
13057892
13057900
13057908
13057916
13057924
13058076
13058084
13058092
13058100
13058108
13058116
13058124
13058132
12548488
13975434
13975442
13975450
13975458
13855322
13855330
13855338
13855346
13855354
13855362
13855370
13855378
13855106
13855114
13855122
13855130
13855138
13855146
13855154
13855162
14044466
14044474
14044482
14044490
14044498
14044506
14044514
14044522
14044442
14044450
14044458
12863520
12863528
12863536
12863544
12863552
12863560
12863568
12863576
12863708
12863716
12863724
12863732
12966154
12966162
12966170
12966178
12966186
12966194
12966202
12966210
12966740
12966748
12966756
12966764
12965682
12965690
12965698
12965706
12965714
12965722
12965730
12965738
12966730
12966738
12863705
12966090
12966098
12966106
12966114
12966122
12966130
12966138
12966146
9624546
9624554
9624562
9624570
9624578
9624586
9624594
9624602
12725474
12725482
12725490
12725498
12725506
12725514
12725522
12725530
12725298
12725306
12725314
12725322
12725330
12725338
12725346
12725354
12899253
9624482
9624490
9624498
9624506
9624514
9624522
9624530
9624538
14050202
14050210
14050218
14050226
14050234
14050242
14050250
14050258
14049970
14049978
14049986
14049994
14050002
14050010
14050018
14050026
14049906
14049914
14049922
14049930
14049938
14049946
14049954
14049962
13940834
13940842
13940850
13940858
13940866
13940874
13940882
13940890
13890188
13890196
13890204
13890212
13890220
13890228
13890236
13890244
13896943
13896951
13890516
13890524
13890532
13890540
13890548
13890556
13890564
13890572
50352230
50352238
50352246
50352254
596098
50378888
50378890
50378898
50378906
50378914
50378922
50378930
50378938
12556280
6768272
12333552
6669432
6768296
12411760
12556272
12889858
12889866
12889874
12889882
12889890
12889898
12889906
12889914
50365848
50365856
New Erasure Count: 4
50365864
New Erasure Count: 6
50365872
New Erasure Count: 8
50365880
New Erasure Count: 10
50365888
New Erasure Count: 12
50365896
New Erasure Count: 14
50365904
New Erasure Count: 16
50365912
New Erasure Count: 18
50365920
New Erasure Count: 20
50365928
New Erasure Count: 22
50365936
New Erasure Count: 24
50365944
New Erasure Count: 26
50365952
New Erasure Count: 28
50365960
New Erasure Count: 30
50365968
New Erasure Count: 32
50365976
New Erasure Count: 34
50365984
New Erasure Count: 36
50365992
New Erasure Count: 38
50366000
New Erasure Count: 40
50366008
New Erasure Count: 42
50366016
New Erasure Count: 44
50366024
New Erasure Count: 46
50366032
New Erasure Count: 48
50366040
New Erasure Count: 50
50366048
New Erasure Count: 52
50366056
New Erasure Count: 54
50366064
New Erasure Count: 56
50366072
New Erasure Count: 58
50366080
New Erasure Count: 60
50366088
New Erasure Count: 62
50366096
New Erasure Count: 64
12890138
12890146
12890154
12890162
12890170
12890178
12890186
12890194
12888866
12888874
12888882
12888890
12888898
12888906
12888914
12888922
16745840
6311928
50362150
50362158
50362166
50362174
50362182
50362190
50362198
50362206
50362214
50362222
50362230
50362238
50362246
50362254
50378360
50378366
50378374
50378382
50378390
50378398
50378406
50378414
50378422
50378430
50378438
50378446
50378454
50378462
50378470
50378478
50378486
50378494
50378502
50378510
88523296
88523302
88523310
88523318
88523326
88523334
88523342
88523350
13889308
13889316
13889324
13889332
13889340
13889348
13889356
13889364
13940762
13940770
13940778
13940786
13940794
13940802
13940810
13940818
14044858
14044866
14044874
14044882
14044890
14044898
14044906
14044914
12889138
12889146
12889154
12889162
12889170
12889178
12889186
12889194
12889074
12889082
12889090
12889098
12889106
12889114
12889122
12889130
13940826
13889420
13889428
13889436
13889444
13889452
13889460
13889468
13889476
13889548
13889556
13889564
13889572
13889580
13889588
13889596
13889604
13889804
13889812
13889820
13889828
13889836
13889844
13889852
13889860
13889484
13889492
13889500
13889508
13889516
13889524
13889532
13889540
13889972
13889980
13889988
13889996
13890004
13890012
13890020
13890028
13890580
13890588
13890596
13889908
13889916
13889924
13889932
13889940
13889948
13889956
13889964
13940706
13940714
13940722
13940730
13940738
13940746
13940754
13889868
13889876
13889884
13889892
13889900
13890300
13890308
13890316
13890324
13890332
13890340
13890348
13890356
13896788
13896796
13896804
13896812
13896820
13896828
13896836
13896844
13759364
13759372
13759380
13759388
13759396
13759404
13759412
13759420
13761183
13761191
13761199
13758556
13758564
13758572
13758580
13758588
13758596
13758604
13758612
13761153
13761161
13761169
13761177
13759148
13759156
13759164
13759172
13759180
13759188
13759196
13759204
13759060
13759068
13759076
13759084
13759092
13759100
13759108
13759116
13758996
13759004
13759012
13759020
13759028
13759036
13759044
13759052
13759124
13759132
13759140
9624378
9624386
9624394
9624402
9624410
9624418
9624426
9624434
9624370
6841280
14055616
14056082
14056090
14055842
14055850
14055858
14055866
14055874
14055882
14055890
14055898
14056073
14056081
14056002
14056010
14056018
14056026
14056034
14056042
14056050
14056058
14055618
14055626
14055634
14055642
14055650
14055658
14055666
14055674
14056061
14056069
13890452
13890460
13890468
13890476
13890484
13890492
13890500
13890508
13890124
13890132
13890140
13890148
13890156
13890164
13890172
13890180
13890388
13890396
13890404
13890412
13890420
13890428
13890436
13890444
13889740
13889748
13889756
13889764
13889772
13889780
13889788
13889796
13810784
13812663
13812671
13812679
13812687
13812695
13812703
13812711
13811354
13811362
13811370
13811378
13811386
13811394
13811402
13811410
13811747
13811755
13811763
13811771
13811674
13811682
13811690
13811698
13811706
13811714
13811722
13811730
13810786
13810794
13810802
13810810
13810818
13810826
13810834
13810842
13765610
13765618
13765626
13765634
13765642
13765650
13765658
13765666
13766134
13765066
13765074
13765082
13765090
13765098
13765106
13765114
13765122
13766121
13766129
13811737
13811745
13765306
13765314
13765322
13765330
13765338
13765346
13765354
13765362
13765546
13765554
13765562
13765570
13765578
13765586
13765594
13765602
13810906
13810914
13810922
13810930
13810938
13810946
13810954
13810962
12430843
13810850
13810858
13810866
13810874
13810882
13810890
13810898
13758836
13758844
13758852
13758860
13758868
13758876
13758884
13758892
13890252
13890260
13890268
13890276
13890284
13890292
13890364
13890372
13890380
13759236
13759244
13759252
13759260
13759268
13759276
13759284
13759292
13890060
13890068
13890076
13890084
13890092
13890100
13890108
13890116
13897121
13897129
13897137
13897145
13897209
13897217
13897225
13897233
12886672
6767904
14424152
14418056
16047928
16043168
16043152
6881288
16047752
6684784
6684776
6684656
6684664
6788672
6882944
16228184
16231362
16231370
16231378
16231386
16231394
16231402
16231410
16231418
16231426
16231434
16231442
16231450
16231458
16231466
16229946
16229954
16229962
16229970
16229978
16229986
16229994
16230002
16230843
16230851
16230859
16230867
16230770
16230778
16230786
16230794
16230802
16230810
16230818
16230826
16228186
16228194
16228202
16228210
16228218
16228226
16228234
16228242
13940898
13940906
13940914
13940922
13940930
13940938
13940946
13940954
16230827
16230835
16228546
16228554
16228562
16228570
16228578
16228586
16228594
16228602
12889010
12889018
12889026
12889034
12889042
12889050
12889058
12889066
12888930
13758772
13758780
13758788
13758796
13758804
13758812
13758820
13758828
13889676
13889684
13889692
13889700
13889708
13889716
13889724
13889732
13891468
13891476
13891484
13891492
13891500
13891508
13891516
13891524
13892604
13892612
13892620
13892628
13892636
13892644
13892652
13892660
13759988
13759996
13760004
13760012
13760020
13760028
13760036
13760044
12518650
12518658
12518666
12518674
12518682
12518690
12518698
12518706
6532128
6532136
New Erasure Count: 66
6532144
New Erasure Count: 68
12519386
12519394
6491160
12518418
12518426
12518434
12518442
12518450
12518458
12518466
12518474
6491152
12519370
12519378
50366104
50366112
New Erasure Count: 70
50366120
New Erasure Count: 72
50366128
New Erasure Count: 74
50366136
New Erasure Count: 76
50366144
New Erasure Count: 78
50366152
New Erasure Count: 80
50366160
New Erasure Count: 82
50366168
New Erasure Count: 84
50366176
New Erasure Count: 86
50366184
New Erasure Count: 88
50366192
New Erasure Count: 90
50366200
New Erasure Count: 92
50366208
New Erasure Count: 94
50366216
New Erasure Count: 96
50366224
New Erasure Count: 98
50366232
New Erasure Count: 100
50366240
New Erasure Count: 102
50366248
New Erasure Count: 104
50366256
New Erasure Count: 106
50366264
New Erasure Count: 108
50366272
New Erasure Count: 110
50366280
New Erasure Count: 112
50366288
New Erasure Count: 114
50366296
New Erasure Count: 116
50366304
New Erasure Count: 118
50366312
New Erasure Count: 120
50366320
New Erasure Count: 122
50366328
New Erasure Count: 124
50366336
New Erasure Count: 126
50366344
New Erasure Count: 128
50366352
New Erasure Count: 130
13759900
13759908
13759916
13759924
13759932
13759940
13759948
13759956
13810994
13811002
13811010
13811018
13811026
13811034
13811042
13811050
13811290
13811298
13811306
13811314
13811322
13811330
13811338
13811346
13811610
13811618
13811626
13811634
13811642
13811650
13811658
13811666
13714680
6840104
13730856
13731085
13731093
13730906
13730914
13730922
13730930
13730938
13730946
13730954
13730962
13731082
13731010
13731018
13731026
13731034
13731042
13731050
13731058
13731066
13730858
13730866
13730874
13730882
13730890
13730898
14120146
14120154
14120162
14120170
14120178
14120186
14120194
14120202
14120300
14120308
14119810
14119818
14119826
14119834
14119842
14119850
14119858
14119866
14120293
13731074
13892820
13892828
13892836
13892844
13892852
13892860
13892868
13892876
13894356
13894364
13894372
13894380
13894388
13894396
13894404
13894412
13891308
13891316
13891324
13891332
13891340
13891348
13891356
13891364
16228482
16228490
16228498
16228506
16228514
16228522
16228530
16228538
13810656
13810715
13810659
13810667
13810675
13810683
13810691
13810699
13810707
13810713
13810711
13889372
13889380
13889388
13889396
13889404
13889412
13891556
13891564
13891572
13891580
13891588
13891596
13891604
13891612
13889612
13889620
13889628
13889636
13889644
13889652
13889660
13889668
14044738
14044746
14044754
14044762
14044770
14044778
14044786
14044794
13889244
13889252
13889260
13889268
13889276
13889284
13889292
13889300
14044538
14044546
14044554
14044562
14044570
14044578
14044586
14044594
13913857
13913865
13913873
13913881
14044618
14044626
14044634
14044642
14044650
14044658
14044666
14044674
14044530
14044602
14044610
13810970
13810978
13810986
13811226
13811234
13811242
13811250
13811258
13811266
13811274
13811282
14045122
14045130
14045138
14045146
14045154
14045162
14045170
14045178
14044682
14044690
14044698
14044706
14044714
14044722
14044730
13758708
13758716
13758724
13758732
13758740
13758748
13758756
13758764
13758932
13758940
13758948
13758956
13758964
13758972
13758980
13758988
14042530
14042538
14042546
14042554
14042562
14042570
14042578
14042586
14043390
14043398
14043406
14043414
14041730
14041738
14041746
14041754
14041762
14041770
14041778
14041786
14101170
14101178
14101186
14101194
14101202
14101210
14101218
14101226
14101744
14101752
14101760
14101768
14100250
14100258
14100266
14100274
14100282
14100290
14100298
14100306
12771682
12771690
12771698
12771706
12771714
12771722
12771730
12771738
12771885
12768058
12768066
12768074
12768082
12768090
12768098
12768106
12768114
12544386
12544394
12544402
12544410
12544418
12544426
12544434
12544442
12545360
12545368
12545376
12545384
12543914
12543922
12543930
12543938
12543946
12543954
12543962
12543970
12961864
12771852
12771860
12771868
12771876
14101717
14101725
14101733
14101741
12545350
12545358
14043361
14043369
14043377
14043385
12430715
12430723
12430731
12430739
12430747
12430755
12430763
12430771
12961863
12543986
12543994
12544002
12544010
12544018
12544026
12544034
12544042
12543978
14041874
14041882
14041890
14041898
14041906
14041914
14041922
14041930
14041810
14041818
14041826
14041834
14041842
14041850
14041858
14041866
14042106
14042114
14042122
14042130
14042138
14042146
14042154
14042162
14042186
14042194
14042202
14042210
14042218
14042226
14042234
14042242
14041794
14041802
12770218
12770226
12770234
12770242
12770250
12770258
12770266
12770274
12769874
12769882
12769890
12769898
12769906
12769914
12769922
12769930
12769634
12769642
12769650
12769658
12769666
12769674
12769682
12769690
12769970
12769978
12769986
12769994
12770002
12770010
12770018
12770026
12770130
12770138
12770146
12770154
12770162
12770170
12770178
12770186
12770066
12770074
12770082
12770090
12770098
12770106
12770114
12770122
12769938
12769946
12769954
12769962
12770034
12770042
12770050
12770058
12769810
12769818
12769826
12769834
12769842
12769850
12769858
12769866
12770194
12770202
12770210
12768970
12768978
12768986
12768994
12769002
12769010
12769018
12769026
12770626
12770634
12770642
12770650
12770658
12770666
12770674
12770682
12771050
12771058
12771066
12771074
12771082
12771090
12771098
12771106
12770730
12770738
12770746
12770754
12770762
12770770
12770778
12770786
12769706
12769714
12769722
12769730
12769738
12769746
12769754
12769762
12768906
12768914
12768922
12768930
12768938
12768946
12768954
12768962
13855170
13855178
13855186
13855562
13855570
13855578
13855586
13855594
13855602
13855610
13855618
13855258
13855266
13855274
13855282
13855290
13855298
13855306
13855314
13855498
13855506
13855514
13855522
13855530
13855538
13855546
13855554
13856237
13856245
13856253
12769770
12769778
12769786
12769794
12769802
12430923
12430931
12430939
12430947
12430955
12430963
12430971
12430979
13709970
12889002
13881434
13881442
13881450
13881458
13881466
13881474
13881482
13881490
46189120
46189128
New Erasure Count: 132
46189136
New Erasure Count: 134
46189144
New Erasure Count: 136
46189152
New Erasure Count: 138
46189160
New Erasure Count: 140
46189168
New Erasure Count: 142
46189176
New Erasure Count: 144
46189184
New Erasure Count: 146
46189192
New Erasure Count: 148
46189200
New Erasure Count: 150
46189208
New Erasure Count: 152
46189216
New Erasure Count: 154
46189224
New Erasure Count: 156
46189232
New Erasure Count: 158
46189240
New Erasure Count: 160
46189248
New Erasure Count: 162
46189256
New Erasure Count: 164
46189264
New Erasure Count: 166
46189272
New Erasure Count: 168
46189280
New Erasure Count: 170
46189288
New Erasure Count: 172
46189296
New Erasure Count: 174
46189304
New Erasure Count: 176
46189312
New Erasure Count: 178
46189320
New Erasure Count: 180
46189328
New Erasure Count: 182
46189336
New Erasure Count: 184
46189344
New Erasure Count: 186
46189352
New Erasure Count: 188
46189360
New Erasure Count: 190
46189368
New Erasure Count: 192
13882151
13882159
13882167
13882175
46189376
46189384
New Erasure Count: 194
46189392
New Erasure Count: 196
46189400
New Erasure Count: 198
46189408
New Erasure Count: 200
46189416
New Erasure Count: 202
46189424
New Erasure Count: 204
46189432
New Erasure Count: 206
46189440
New Erasure Count: 208
46189448
New Erasure Count: 210
46189456
New Erasure Count: 212
13880746
13880754
13880762
13880770
13880778
13880786
13880794
13880802
12889218
12889226
12889234
12889242
12889250
12889258
12889266
12889274
12501306
12501314
12501322
12501330
12501338
12501346
12501354
12501362
12501465
12501194
12501202
12501210
12501218
12501226
12501234
12501242
12501250
12610925
12610811
12610819
12610827
12610835
12610843
12610851
12501464
12610922
13882139
13882147
13880882
13880890
13880898
13880906
13880914
13880922
13880930
13880938
13880818
13880826
13880834
13880842
13880850
13880858
13880866
13880874
13880810
13882183
13882191
13882199
13882207
13883903
13883911
13883919
13883927
12556288
6837544
12438040
12438599
12438607
12438615
12438330
12438338
12438346
12438354
12438362
12438370
12438378
12438386
12438530
12438538
12438546
12438554
12438458
12438466
12438474
12438482
12438490
12438498
12438506
12438514
12438042
12438050
12438058
12438066
12438074
12438082
12438090
12438098
12438515
12438523
12438154
12438162
12438170
12438178
12438186
12438194
12438202
12438210
12438266
12438274
12438282
12438290
12438298
12438306
12438314
12438322
12438106
12438114
12438122
12438130
12438138
12438146
16228314
16228322
16228330
16228338
16228346
16228354
16228362
16228370
13761083
13761091
13761099
13761107
13761115
13761123
13761131
13761139
12544322
12544330
12544338
12544346
12544354
12544362
12544370
12544378
14100370
14100378
14100386
14100394
14100402
14100410
14100418
14100426
12770690
12770698
12770706
12770714
12770722
12872248
13855386
13855394
13855402
13855410
13855418
13855426
13855434
13855442
6486384
6486524
6486520
6486482
6486490
6486498
6486506
6486466
6486474
6486387
6486395
6486403
6486411
6486419
6486427
6486435
6486443
6486509
6371480
6883624
6793896
45043072
2509984
45043080
45043088
45043096
45043104
45043112
45043120
45043128
45043136
45043144
45043152
45043160
45043168
45043176
45043184
45043192
45043200
45043208
45043216
45043224
45043232
45043240
45043248
45043256
45043264
45043272
45043280
45043288
45043296
45043304
45043312
45043320
45043328
45043336
45043344
45043352
45043360
45043368
45043376
45043384
45043392
45043400
45043408
45043416
45043424
45043432
45043440
45043448
45043456
45043464
45043472
45043480
45043488
45043496
45043504
45043512
45043520
45043528
45043536
45043544
45043552
45043560
45043568
45043576
587144
587152
587160
587168
587176
587184
587192
587200
587208
587216
587224
587232
587240
587248
587256
587264
587272
587280
587288
587296
587304
587312
587320
587328
587336
587344
587352
587360
587368
587376
586888
586896
586904
586912
586920
586928
586936
586944
586952
586960
586968
586976
586984
586992
587000
587008
587016
587024
587032
587040
587048
587056
587064
587072
587080
587088
587096
587104
587112
587120
587128
587136
6532152
2509984
6811272
7359528
7360201
7360134
7360142
7360150
7360158
9464690
9464698
9464706
9464714
9464722
9464730
9464738
9464746
7360174
7360182
7360190
7360198
7359851
7359859
7359867
7359875
7359843
7359594
7359602
7359610
7359618
7359626
7359634
7359642
7359650
7359880
7359888
7359896
7359904
7360088
7360096
7360104
7360112
7359530
7359538
7359546
7359554
7359562
7359570
7359578
7359586
7359984
7359992
7360000
7360008
7359952
7359960
7359968
7359976
7359706
7359714
7359722
7359730
7359738
7359746
7359754
7359762
7359920
7359928
7359936
7359944
7360040
7360048
7360056
7360064
7360072
7360080
9043576
9043721
9043717
9043576
9043584
9043592
9043600
9043608
9043616
9043624
9043632
9043640
9043648
9043656
9043664
9043672
9043680
9043688
9043696
9043704
9043712
9043720
7382018
7382026
7382034
7382042
7382050
7382058
7382066
7382074
531304
9151580
9151588
9151596
9151604
9151612
9151620
9151628
9151636
9147396
9147404
9147412
45107904
6532160
2509984
6491168
500152
6883448
6761208
6761216
6532168
6491160
6491144
New Erasure Count: 214
0
45662984
45662440
45662928
45662976
45662720
45662856
45662920
45662928
45662936
45662424
45662432
45663016
45662536
45662504
45662520
45662528
45662416
45662408
45662344
45662328
45662336
46133984
45080480
45080504
45080568
45080424
46133976
46133944
46133888
46133880
45080360
45080336
45080296
45080200
45080160
45080472
45080416
46133952
46133960
46133968
46133920
46133928
46133936
45080368
45080328
45080288
45080560
45080112
45080056
46133864
45080096
45080104
45080040
45080048
45080208
46133872
45079984
46133856
45079880
46134224
45079952
45079960
45079968
45079976
45079872
46134200
46134160
46134064
46134072
46134080
46134088
46134096
46134104
46134112
46134120
46134128
46134136
46134144
46134152
46134192
46133840
46133784
46133688
46134040
46134048
46134056
46133848
46133640
46133648
46133656
46133664
46133672
46133680
46133712
46133720
46133728
46133736
46133744
46133752
46133760
46133768
46133776
46133624
45941344
45941320
46133592
46133552
45941312
45941488
45941448
45941408
45941352
45941216
45941232
45941296
45940816
45941208
45941120
45941056
45941016
45941480
45941424
45941432
45941440
45941392
45941400
45940792
45940800
45940808
45941096
45941104
45941112
45941048
45941176
45941184
45941192
45941200
45940992
45941000
45941008
45940944
45940904
45940912
45940888
45600344
45940936
45600440
45940864
45940872
45940880
45940888
45940896
45600432
45600408
45600400
45600368
45600376
45600600
45600536
45600576
45600592
45600488
45600496
45600504
45600512
45600520
45600528
45942904
45942880
45942888
45942896
45600560
45600568
45662616
45662560
45662968
45662896
45662944
45662608
45662552
45662952
45662960
45662880
45662888
45600048
45600304
45663032
45663024
45600328
45600320
45600288
45846312
45600232
45846280
45846288
45846296
45846304
45600184
45600192
45600200
45600208
45600216
45600224
45600112
45600120
45600056
45600064
45600072
45600080
45600088
45600096
45600104
45599976
45600032
45945096
45600024
45945064
45945072
45945080
45945088
411648
411648
411712
0
411648
6909792
6809560
45052192
45117080
6930976
6912224
6889928
6930984
45368048
6910424
6893416
6913288
987896
1112288
987960
870784
987952
987984
987944
987976
987936
987968
860040
860048
6913304
6913296
964376
6884160
6930992
964344
964352
964360
964368
45369304
45368056
6910592
964248
6884168
964216
964224
964232
964240
1111088
6910448
6913328
6931000
6912128
6912136
6931008
6912136
45077480
45086448
45171528
6311152
45095688
45102472
45368016
45368024
45368032
45368040
1083752
1083760
1083768
1083776
1083784
1156552
1156560
1156568
1156576
1156584
45106920
45106928
45106936
45106944
45106952
45106960
45106968
45106976
45106984
45106992
45107000
45107008
45107016
45107024
45107032
45107040
45107488
45173040
45173048
45173056
45173064
45173072
45173080
45173088
45173096
45173104
45173112
45173120
45173128
45173136
45173144
45173152
45173160
45077072
45077080
45077088
45077096
45077104
45077112
45077120
45077128
45077136
45077144
45077152
45077160
45077168
45077176
45077184
45077192
45077200
45105000
45105008
45105016
45105024
45105032
45112872
45112880
45112888
45112896
45112904
45112912
45112920
45112928
45112936
45112944
45112952
45112960
45112968
45112976
45112984
45077472
45086584
45113616
45101080
45101088
45101096
45101104
45101112
45101120
45101128
45101136
45162008
45162016
45162024
45162032
45162040
45162048
45162056
45162064
45162072
45162080
45162088
45162096
45162104
45162112
45162120
45162128
45162136
45162144
45167736
45167744
45167752
45167760
45167768
45167776
45167784
45167792
45167800
45167808
45167816
45167824
45167832
45167840
45086440
992416
45116816
45115520
45115528
45115536
45134376
45134384
45134392
45134400
45134408
45152880
45152888
45152896
45152904
45152912
45152920
45116232
45116240
45116248
45116256
45116264
45116272
45116280
45116288
45116296
45116304
45116312
45116320
45116328
45116336
45116344
45116352
45116360
45116368
45116376
45171480
45171488
45171496
45171504
45171512
45171520
45113592
5680784
45077600
45086744
45086752
45086760
45086768
45086776
45098544
45100736
45100744
45100752
45100760
45100768
45100776
45100784
45100792
45094576
45094584
45094592
45094600
45094608
45094616
45094624
45094632
45094640
45094648
45094656
45094664
45094672
45094680
45094688
45094696
45094704
45169480
45169488
45169496
45169504
45169512
45169520
45169528
45169536
45169544
45169552
45169560
45169568
45169576
45169584
45169592
45113488
45113496
45113504
45113512
45113520
45113528
45113536
45113544
45113552
45113560
45113568
45113576
45113584
6931016
6897648
6910472
6892568
45340528
45340520
50372040
6921688
45893656
6921696
6931024
50372864
6809152
45367904
6921664
45367880
45367888
45367896
6921360
6910392
45367720
6921672
992424
987880
6921704
987872
45093584
46033032
6921728
45601336
50373088
45601328
45093232
45093240
45093248
45093256
45093264
45093272
45093280
45093288
45093296
45093304
45093312
45093320
45093328
45093336
45093344
45093352
45093360
45093368
45093376
45093384
45093392
45093400
45093408
45093416
45093424
45093432
45093440
45093448
45093456
45093464
45093472
45093480
45093488
45093496
45093504
45093512
45093520
45093528
45093536
45093544
45093552
45093560
45093568
45093576
46055408
6921744
6921736
6921736
45750008
6931032
45750000
6921760
6921752
45737352
45893256
45787336
45860920
45923496
45923464
45923472
45923480
45923488
45860896
45860904
45860912
45737360
45656968
45656976
45656984
45656992
45657000
45657008
45657016
45657024
45657032
45657040
45657048
45657056
45657064
45657072
45657080
45657088
45657096
45893144
45893152
45893160
45893168
45893176
45893184
45893192
45893200
45893208
45893216
45893224
45893232
45893240
45893248
45656960
45927088
1137472
1137480
45171200
45171208
45171216
45171224
45902656
45902664
45902672
45902680
45902688
45902696
45902704
45902712
45902720
45902728
45879280
45879288
45879296
45879304
45879312
45879320
45879328
45879336
45879344
45879352
45879360
45879368
45879376
45879384
45879392
45879400
45879408
45916184
45916192
45916200
45916208
45916216
45916224
45916232
45916240
45916248
45916256
45916264
45916272
45916280
45916288
45916296
45916304
45916312
45916320
45916328
45916336
45916344
45916352
45916360
45916368
45916376
45916384
45916392
45916400
45916408
45916416
45916424
45876240
45876248
45876256
45876264
45876272
45876280
45876288
45876296
45876304
45876312
45876320
45876328
45876336
45876344
45876352
45876360
45876368
45876376
45876384
45876392
45876400
45876408
45876416
45876424
45876432
45876440
45876448
45876456
45876464
45876472
45876480
45876488
45909000
45909008
45909016
45909024
45909032
45909040
45909048
45909056
45909064
45909072
45909080
45909088
45909096
45909104
45909112
45909120
45909128
45909136
45909144
45909152
45909160
45909168
45909176
45909184
45909192
45909200
45909208
45909216
45909224
45909232
45909240
45909248
45909256
6921768
45903944
45903952
45903960
45903968
45903976
45903984
45903992
45904000
45904008
45904016
45904024
45904032
45904040
45904048
45904056
46080896
46080904
46080912
46080920
46080928
46080936
46080944
46080952
46080960
46080968
46080976
46080984
46080992
46081000
46081008
46081016
46081024
46081032
45928352
45928360
45928368
45928376
45928384
45928392
45928400
45928408
45928416
45928424
45928432
45928440
45928448
45928456
45928464
45928472
45928480
45928488
45928496
45928504
45928512
45928520
45928528
45928536
45928544
45928552
45928560
45928568
45928576
45928584
46159928
46159936
46159944
46159952
46159960
46159968
46159976
46159984
46159992
46160000
46160008
46160016
46160024
46160032
46160040
46160048
46160056
46160064
46160072
46160080
46160088
46160096
46160104
46160112
46160120
46160128
46160136
46160144
46160152
46160160
46160168
46160176
46160184
46160192
45776864
6921776
45926944
45926952
45926960
45926968
45926976
45926984
45926992
45927000
45927008
45927016
45927024
45927032
45927040
45927048
45927056
45927064
45927072
45927080
6931040
987904
6921784
6921784
6921792
6921792
6921808
6921800
6921800
46038288
45828184
45789032
6921824
45879992
45789968
6921832
45789976
45901344
45903368
45260112
6921888
45853368
45736824
6921712
6921912
6921712
45838136
6921720
45878568
6921720
45896712
6921816
6921968
6921816
45896704
45901336
6922000
46056464
6921840
6921840
46033424
6922024
6921848
46056432
46056440
46056448
46056456
6921848
46055328
6921856
6921856
6921864
1112064
45600912
45600904
46053240
45608592
45858280
45812984
45608600
45858248
45858256
45858264
45858272
46051640
46048920
46048928
46048936
46048944
46048952
46048960
46048968
46048976
46048984
46048992
46049000
46049008
46049016
46049024
46049032
46049040
45812864
45812872
45812880
45812888
45812896
45812904
45812912
45812920
45812928
45812936
45812944
45812952
45812960
45812968
45812976
45919568
45732096
6921960
45732104
6921960
6921952
6921952
6921944
6921936
6921936
6921928
6921920
6921904
6921904
6921896
6921928
6921920
6921896
6921880
6921880
45919320
45919328
45919336
45919344
45919352
45919360
45919368
45919376
45919384
45919392
45919400
45919408
45919416
45919424
45919432
45919440
45919448
45919456
45919464
45919472
45919480
45919488
45919496
45919504
45919512
45919520
45919528
45919536
45919544
45919552
45919560
6921872
45744368
6921872
1161000
1160984
1160992
45882152
45853832
6922056
6922040
46055336
45853824
6922032
6922016
6922088
6922016
45926528
6922008
45863040
Periodic log printout @ tick 69790798620
read.request_count                      	4371.000000         	Read request count
read.bytes                              	17410048.000000     	Read data size in byte
read.busy                               	17608307280.000000  	Device busy time when read
write.request_count                     	130.000000          	Write request count
write.bytes                             	525312.000000       	Write data size in byte
write.busy                              	454748840.000000    	Device busy time when write
request_count                           	4501.000000         	Total request count
bytes                                   	17935360.000000     	Total data size in byte
busy                                    	18063056120.000000  	Total device busy time
icl.generic_cache.read.request_count    	4371.000000         	Read request count
icl.generic_cache.read.from_cache       	3886.000000         	Read requests that served from cache
icl.generic_cache.write.request_count   	130.000000          	Write request count
icl.generic_cache.write.to_cache        	108.000000          	Write requests that served to cache
dram.energy                             	2301181472.633066   	Total energy comsumed by embedded DRAM (pJ)
dram.power                              	32.981158           	Total power comsumed by embedded DRAM (mW)
dram.read.request_count                 	3922.000000         	Read request count
dram.read.bytes                         	14829469.000000     	Read data size in byte
dram.write.request_count                	622.000000          	Write request count
dram.write.bytes                        	16417560.000000     	Write data size in byte
dram.request_count                      	4544.000000         	Total request count
dram.bytes                              	31247029.000000     	Total data size in byte
ftl.page_mapping.gc.count               	0.000000            	Total GC count
ftl.page_mapping.gc.reclaimed_blocks    	0.000000            	Total reclaimed blocks in GC
ftl.page_mapping.gc.superpage_copies    	0.000000            	Total copied valid superpages during GC
ftl.page_mapping.gc.page_copies         	0.000000            	Total copied valid pages during GC
ftl.page_mapping.wear_leveling          	-1.000000           	Wear-leveling factor
pal.energy.read                         	0.000000            	Consumed energy by NAND read operation (uJ)
pal.energy.program                      	293.263915          	Consumed energy by NAND program operation (uJ)
pal.energy.erase                        	0.000000            	Consumed energy by NAND erase operation (uJ)
pal.energy.total                        	293.263915          	Total consumed energy by NAND (uJ)
pal.power                               	4202.042688         	Average power consumed by NAND (uW)
pal.read.count                          	0.000000            	Total read operation count
pal.program.count                       	7.000000            	Total program operation count
pal.erase.count                         	0.000000            	Total erase operation count
pal.read.bytes                          	0.000000            	Total read operation bytes
pal.program.bytes                       	114688.000000       	Total program operation bytes
pal.erase.bytes                         	0.000000            	Total erase operation bytes
pal.read.time.dma0.wait                 	0.000000            	Average dma0 wait time of read
pal.read.time.dma0                      	0.000000            	Average dma0 time of read
pal.read.time.mem                       	0.000000            	Average memory operation time of read
pal.read.time.dma1.wait                 	0.000000            	Average dma1 wait time of read
pal.read.time.dma1                      	0.000000            	Average dma1 time of read
pal.read.time.total                     	0.000000            	Average time of read
pal.program.time.dma0.wait              	0.000000            	Average dma0 wait time of program
pal.program.time.dma0                   	39079188.000000     	Average dma0 time of program
pal.program.time.mem                    	500000000.000000    	Average memory operation time of program
pal.program.time.dma1.wait              	16689.000000        	Average dma1 wait time of program
pal.program.time.dma1                   	2384.000000         	Average dma1 time of program
pal.program.time.total                  	539098261.000000    	Average time of program
pal.erase.time.dma0.wait                	0.000000            	Average dma0 wait time of erase
pal.erase.time.dma0                     	0.000000            	Average dma0 time of erase
pal.erase.time.mem                      	0.000000            	Average memory operation time of erase
pal.erase.time.dma1.wait                	0.000000            	Average dma1 wait time of erase
pal.erase.time.dma1                     	0.000000            	Average dma1 time of erase
pal.erase.time.total                    	0.000000            	Average time of erase
pal.channel.time.active                 	19540786.000000     	Average active time of all channels
pal.die.time.active                     	58963872.296875     	Average active time of all dies
cpu.hil0.busy                           	6717742500.000000   	CPU for HIL core 0 busy ticks
cpu.hil0.insts.branch                   	274561.000000       	CPU for HIL core 0 executed branch instructions
cpu.hil0.insts.load                     	1404312.000000      	CPU for HIL core 0 executed load instructions
cpu.hil0.insts.store                    	459102.000000       	CPU for HIL core 0 executed store instructions
cpu.hil0.insts.arithmetic               	540120.000000       	CPU for HIL core 0 executed arithmetic instructions
cpu.hil0.insts.fp                       	0.000000            	CPU for HIL core 0 executed floating point instructions
cpu.hil0.insts.others                   	9002.000000         	CPU for HIL core 0 executed other instructions
cpu.icl0.busy                           	12505305000.000000  	CPU for ICL core 0 busy ticks
cpu.icl0.insts.branch                   	440058.000000       	CPU for ICL core 0 executed branch instructions
cpu.icl0.insts.load                     	2785940.000000      	CPU for ICL core 0 executed load instructions
cpu.icl0.insts.store                    	363151.000000       	CPU for ICL core 0 executed store instructions
cpu.icl0.insts.arithmetic               	1403451.000000      	CPU for ICL core 0 executed arithmetic instructions
cpu.icl0.insts.fp                       	0.000000            	CPU for ICL core 0 executed floating point instructions
cpu.icl0.insts.others                   	9522.000000         	CPU for ICL core 0 executed other instructions
cpu.ftl0.busy                           	194397500.000000    	CPU for FTL core 0 busy ticks
cpu.ftl0.insts.branch                   	8632.000000         	CPU for FTL core 0 executed branch instructions
cpu.ftl0.insts.load                     	37904.000000        	CPU for FTL core 0 executed store instructions
cpu.ftl0.insts.store                    	7209.000000         	CPU for FTL core 0 executed load instructions
cpu.ftl0.insts.arithmetic               	22393.000000        	CPU for FTL core 0 executed arithmetic instructions
cpu.ftl0.insts.fp                       	637.000000          	CPU for FTL core 0 executed floating point instructions
cpu.ftl0.insts.others                   	984.000000          	CPU for FTL core 0 executed other instructions
End of log @ tick 69790798620
[2K                                                           *** Statistics of Trace Replayer ***
Tick: 69790798620
Time (ps): 0 - 69790798620 (69790798620)
I/O (bytes): 0 (0.000000 B/s)
I/O (counts): 4502 (Read: 4372, Write: 130)
*** End of statistics ***
*** Statistics of Block I/O Entry ***
Latency (ns): min=4915.160000, max=10572.740000, avg=5504.397739, stdev=180715.397979
*** End of statistics ***
*** Statistics of Event Engine ***
Simulation Tick (ps): 69790798620
Host time duration (sec): 16.309297
Event handled: 13504 (827.994015 ops)
*** End of statistics ***
Data written to result.txt
End of simulation @ tick 69790798620
